TYPE : TSP
DIMENSION : 744
EDGE_WEIGHT_TYPE : GEO
NODE_COORD_SECTION
0 39.1943 -84.4007
1 39.1619 -84.4569
2 39.1619 -84.4569
3 39.1149 -84.4376
4 39.1619 -84.4569
5 39.1291 -84.4305
6 39.1149 -84.4376
7 39.1619 -84.4569
8 39.1149 -84.4376
9 39.1149 -84.4376
10 39.7789 -84.055
11 41.6591 -83.5273
12 39.1149 -84.4376
13 39.1619 -84.4569
14 39.1619 -84.4569
15 39.1149 -84.4376
16 41.49 -71.3133
17 40.0072 -83.0097
18 39.1619 -84.4569
19 39.1149 -84.4376
20 39.1619 -84.4569
21 39.1619 -84.4569
22 39.2278 -84.3247
23 39.1619 -84.4569
24 39.1149 -84.4376
25 39.1149 -84.4376
26 39.1619 -84.4569
27 37.9886 -84.4778
28 38.2542 -85.7594
29 39.1619 -84.4569
30 39.1149 -84.4376
31 39.1619 -84.4569
32 39.1619 -84.4569
33 39.8072 -83.8875
34 39.3276 -82.1023
35 39.1619 -84.4569
36 39.1149 -84.4376
37 39.1619 -84.4569
38 37.9886 -84.4778
39 38.2542 -85.7594
40 39.1619 -84.4569
41 39.1149 -84.4376
42 39.1619 -84.4569
43 39.2278 -84.3247
44 39.1619 -84.4569
45 39.1619 -84.4569
46 39.1149 -84.4376
47 39.1619 -84.4569
48 39.1149 -84.4376
49 39.1619 -84.4569
50 39.1619 -84.4569
51 39.1149 -84.4376
52 39.1619 -84.4569
53 39.1619 -84.4569
54 39.1619 -84.4569
55 38.9422 -84.8459
56 39.1619 -84.4569
57 39.1149 -84.4376
58 39.3276 -82.1023
59 41.6591 -83.5273
60 39.2487 -84.297
61 39.1291 -84.4305
62 39.1619 -84.4569
63 39.1149 -84.4376
64 38.2542 -85.7594
65 39.1619 -84.4569
66 39.1619 -84.4569
67 39.1619 -84.4569
68 39.1149 -84.4376
69 39.1619 -84.4569
70 39.1149 -84.4376
71 39.8072 -83.8875
72 39.1619 -84.4569
73 39.1149 -84.4376
74 39.3 -81.9072
75 40.0035 -83.0006
76 39.1149 -84.4376
77 39.3276 -82.1023
78 39.1291 -84.4305
79 39.1619 -84.4569
80 39.1149 -84.4376
81 39.1149 -84.4376
82 39.1149 -84.4376
83 39.1619 -84.4569
84 39.1149 -84.4376
85 39.1413 -84.5104
86 39.2278 -84.3247
87 40.0035 -83.0006
88 39.1149 -84.4376
89 39.0936 -84.4966
90 38.2542 -85.7594
91 39.1149 -84.4376
92 39.0936 -84.4282
93 39.5896 -84.7848
94 39.1619 -84.4569
95 39.1149 -84.4376
96 39.1619 -84.4569
97 39.1619 -84.4569
98 39.1149 -84.4376
99 39.0936 -84.4282
100 39.1149 -84.4376
101 39.0936 -84.4966
102 39.1149 -84.4376
103 39.0936 -84.4282
104 38.2542 -85.7594
105 38.2542 -85.7594
106 39.0936 -84.4966
107 39.2278 -84.3247
108 39.1149 -84.4376
109 39.3276 -82.1023
110 39.2278 -84.3247
111 39.1149 -84.4376
112 39.1149 -84.4376
113 39.0936 -84.4282
114 39.1619 -84.4569
115 39.1149 -84.4376
116 39.8072 -83.8875
117 39.1149 -84.4376
118 39.0936 -84.4282
119 39.1149 -84.4376
120 39.1291 -84.4305
121 39.1149 -84.4376
122 39.0936 -84.4282
123 38.2542 -85.7594
124 39.3276 -82.1023
125 38.2542 -85.7594
126 39.1149 -84.4376
127 39.1398 -84.5131
128 39.1149 -84.4376
129 39.0936 -84.4282
130 42.2803 -83.7512
131 39.7683 -86.1581
132 41.7034 -83.657
133 39.1149 -84.4376
134 39.9645 -82.6317
135 39.9645 -82.6317
136 39.9645 -82.6317
137 39.9645 -82.6317
138 39.1149 -84.4376
139 39.0936 -84.4282
140 39.5896 -84.7848
141 39.1149 -84.4376
142 38.2542 -85.7594
143 38.2542 -85.7594
144 38.8319 -84.4564
145 39.1149 -84.4376
146 39.0936 -84.4282
147 39.9645 -82.6317
148 39.1149 -84.4376
149 39.5553 -82.3884
150 39.5553 -82.3884
151 39.5553 -82.3884
152 39.1149 -84.4376
153 39.0936 -84.4282
154 39.1398 -84.5131
155 39.1149 -84.4376
156 37.7439 -84.9843
157 37.7439 -84.9843
158 37.7439 -84.9843
159 39.1149 -84.4376
160 39.0936 -84.4282
161 39.1398 -84.5131
162 39.1149 -84.4376
163 39.7683 -86.1581
164 39.1149 -84.4376
165 39.0936 -84.4282
166 38.4174 -82.4457
167 38.5372 -82.6883
168 39.1149 -84.4376
169 42.2803 -83.7512
170 39.8072 -83.8875
171 39.1149 -84.4376
172 39.0936 -84.4282
173 39.3276 -82.1023
174 39.1149 -84.4376
175 39.0936 -84.4282
176 41.6591 -83.5273
177 39.1149 -84.4376
178 39.0936 -84.4282
179 39.1149 -84.4376
180 39.0936 -84.4282
181 39.1149 -84.4376
182 39.0936 -84.4282
183 39.1943 -84.4007
184 39.19 -84.4
185 39.1149 -84.4376
186 39.1149 -84.4376
187 39.3277 -82.1023
188 39.1149 -84.4376
189 38.2508 -85.7221
190 39.1149 -84.4376
191 39.7789 -84.055
192 40.0035 -83.0006
193 39.1149 -84.4376
194 39.1291 -84.4305
195 39.1149 -84.4376
196 39.1398 -84.5131
197 39.7683 -86.1581
198 39.1149 -84.4376
199 38.2542 -85.7594
200 39.1149 -84.4376
201 39.19 -84.4
202 39.4917 -84.3282
203 39.1398 -84.5131
204 39.1149 -84.4376
205 39.19 -84.4
206 40.0035 -83.0006
207 39.1149 -84.4376
208 39.3276 -82.1023
209 39.1071 -84.5041
210 39.1149 -84.4376
211 38.2542 -85.7594
212 39.1149 -84.4376
213 39.19 -84.4
214 39.8072 -83.8875
215 39.1398 -84.5131
216 39.1149 -84.4376
217 38.2542 -85.7594
218 39.1677 -86.5341
219 39.8053 -86.1679
220 39.1149 -84.4376
221 39.9611 -82.9989
222 40.0543 -82.4177
223 39.1943 -84.4007
224 39.1149 -84.4376
225 37.6359 -85.4027
226 37.6359 -85.4027
227 39.1149 -84.4376
228 39.9976 -83.0074
229 39.1149 -84.4376
230 38.2508 -85.7221
231 39.1398 -84.5131
232 39.1149 -84.4376
233 39.9611 -82.9989
234 39.1149 -84.4376
235 39.3 -81.9072
236 39.3 -81.9072
237 39.1413 -84.5104
238 39.19 -84.4
239 39.9873 -83.0132
240 37.6359 -85.4027
241 37.6359 -85.4027
242 39.1149 -84.4376
243 39.9366 -82.4037
244 39.1149 -84.4376
245 39.1677 -86.5341
246 39.1398 -84.5131
247 39.5217 -84.3982
248 39.1149 -84.4376
249 39.0936 -84.4282
250 39.1943 -84.4007
251 41.7165 -83.7442
252 39.1149 -84.4376
253 39.9366 -82.4037
254 39.9366 -82.4037
255 39.9366 -82.4037
256 39.1149 -84.4376
257 39.0936 -84.4282
258 39.5647 -84.2695
259 39.0936 -84.4966
260 39.19 -84.4
261 39.1149 -84.4376
262 39.2278 -84.3247
263 39.1398 -84.5131
264 39.1149 -84.4376
265 39.0936 -84.4282
266 39.4872 -79.5326
267 39.4872 -79.5326
268 39.4872 -79.5326
269 39.1149 -84.4376
270 37.7439 -84.9843
271 39.1149 -84.4376
272 39.0936 -84.4282
273 39.9851 -83.0376
274 39.1149 -84.4376
275 39.0936 -84.4282
276 39.1149 -84.4376
277 39.0936 -84.4282
278 39.1943 -84.4007
279 39.1149 -84.4376
280 39.0936 -84.4282
281 39.1149 -84.4376
282 39.1149 -84.4376
283 39.0936 -84.4282
284 41.3191 -81.0358
285 41.3191 -81.0358
286 41.3191 -81.0358
287 41.3191 -81.0358
288 39.1149 -84.4376
289 39.0936 -84.4282
290 39.2072 -86.2511
291 39.1149 -84.4376
292 39.0936 -84.4282
293 40.38 -83.67
294 41.3191 -81.0358
295 39.1149 -84.4376
296 39.0936 -84.4282
297 38.8319 -84.4564
298 39.1149 -84.4376
299 42.2814 -83.751
300 42.2917 -85.5872
301 39.1398 -84.5131
302 39.1149 -84.4376
303 39.0936 -84.4282
304 37.7439 -84.9843
305 37.7439 -84.9843
306 37.7439 -84.9843
307 39.1149 -84.4376
308 39.0936 -84.4282
309 39.4456 -79.5467
310 39.4456 -79.5467
311 39.4456 -79.5467
312 39.1149 -84.4376
313 39.0936 -84.4282
314 39.9851 -83.0376
315 39.8053 -86.1679
316 40.0072 -83.0096
317 39.1149 -84.4376
318 39.0936 -84.4282
319 39.0962 -84.4964
320 39.1398 -84.5131
321 39.1149 -84.4376
322 39.3277 -82.1023
323 39.9851 -83.0376
324 39.1943 -84.4007
325 39.9366 -82.4037
326 40.0072 -83.0096
327 39.1398 -84.5131
328 40.0072 -83.0096
329 39.9848 -83.0376
330 40.4538 -80.0014
331 39.1149 -84.4376
332 39.1149 -84.4376
333 39.1943 -84.4007
334 41.7013 -83.5456
335 39.8072 -83.8875
336 40.0072 -83.0096
337 39.1149 -84.4376
338 38.2531 -85.6572
339 39.8053 -86.1679
340 39.3277 -82.1023
341 39.1149 -84.4376
342 39.1943 -84.4007
343 39.1943 -84.4007
344 39.1149 -84.4376
345 39.1943 -84.4007
346 38.5372 -82.6883
347 40.0543 -82.4177
348 39.1149 -84.4376
349 39.1149 -84.4376
350 39.3277 -82.1023
351 39.1149 -84.4376
352 39.8072 -83.8875
353 39.9848 -83.0376
354 39.1149 -84.4376
355 38.2531 -85.6572
356 39.2278 -84.3247
357 40.0072 -83.0096
358 39.1149 -84.4376
359 39.7632 -84.1868
360 39.1149 -84.4376
361 39.1149 -84.4376
362 39.9848 -83.0376
363 39.3277 -82.1023
364 39.8053 -86.1679
365 39.1677 -86.5341
366 39.9848 -83.0376
367 41.0638 -80.0557
368 38.2531 -85.6572
369 39.7789 -84.055
370 41.6591 -83.5273
371 39.1149 -84.4376
372 40.0072 -83.0096
373 39.1149 -84.4376
374 39.083 -84.5098
375 39.1149 -84.4376
376 39.3277 -82.1023
377 39.1149 -84.4376
378 39.1149 -84.4376
379 38.2531 -85.6572
380 39.8072 -83.8875
381 39.1149 -84.4376
382 39.0875 -84.5084
383 38.2531 -85.6572
384 40.0072 -83.0096
385 39.1149 -84.4376
386 39.2278 -84.3247
387 39.1149 -84.4376
388 39.1398 -84.5131
389 39.3 -81.9072
390 39.3 -81.9072
391 39.1149 -84.4376
392 35.1077 -89.9479
393 35.138 -90.0158
394 39.1149 -84.4376
395 39.7789 -84.055
396 39.1149 -84.4376
397 40.0072 -83.0096
398 39.1149 -84.4376
399 39.1398 -84.5131
400 39.1149 -84.4376
401 40.4538 -80.0014
402 40.573 -76.1797
403 41.0638 -80.0557
404 39.1149 -84.4376
405 39.1011 -84.513
406 37.6359 -85.4027
407 39.1149 -84.4376
408 39.7589 -84.1917
409 39.1677 -86.5341
410 39.1149 -84.4376
411 39.1398 -84.5131
412 39.9848 -83.0376
413 39.9848 -83.0376
414 39.1149 -84.4376
415 39.3276 -82.1023
416 39.9366 -82.4037
417 39.9366 -82.4037
418 39.1149 -84.4376
419 39.9848 -83.0376
420 39.1398 -84.5131
421 39.0936 -84.4966
422 39.4872 -79.5326
423 39.4872 -79.5326
424 39.4872 -79.5326
425 39.4872 -79.5326
426 39.4872 -79.5326
427 39.4872 -79.5326
428 39.4872 -79.5326
429 39.4872 -79.5326
430 39.5896 -84.7848
431 37.7439 -84.9843
432 41.3191 -81.0358
433 39.1149 -84.4376
434 39.8072 -83.8875
435 39.1149 -84.4376
436 39.1398 -84.5131
437 39.1398 -84.5131
438 39.1149 -84.4376
439 39.1149 -84.4376
440 41.3191 -81.0358
441 39.1149 -84.4376
442 39.7789 -84.055
443 39.1149 -84.4376
444 39.8053 -86.1679
445 39.2072 -86.2511
446 39.1149 -84.4376
447 39.1149 -84.4376
448 40.0072 -83.0096
449 41.0637 -80.056
450 39.1149 -84.4376
451 39.2278 -84.3247
452 39.1149 -84.4376
453 38.2531 -85.6572
454 39.1149 -84.4376
455 37.7439 -84.9843
456 40.38 -83.67
457 39.1149 -84.4376
458 39.4862 -79.5309
459 39.4862 -79.5309
460 39.4862 -79.5309
461 39.1149 -84.4376
462 38.2531 -85.6572
463 39.9383 -82.4084
464 39.1398 -84.5131
465 39.1149 -84.4376
466 39.3 -81.9072
467 39.3 -81.9072
468 39.1413 -84.5104
469 39.1149 -84.4376
470 39.6297 -79.9582
471 39.5031 -82.0847
472 39.1149 -84.4376
473 39.9848 -83.0376
474 39.5896 -84.7848
475 40.0072 -83.0096
476 39.1149 -84.4376
477 38.2531 -85.6572
478 41.0637 -80.056
479 39.1149 -84.4376
480 39.3276 -82.1023
481 41.3191 -81.0358
482 39.9848 -83.0376
483 39.1149 -84.4376
484 40.5691 -89.6463
485 39.1677 -86.5341
486 39.8053 -86.1679
487 40.1979 -85.4048
488 44.9638 -93.2471
489 40.0189 -105.275
490 40.5883 -105.077
491 39.1876 -106.819
492 40.0181 -105.278
493 39.7369 -104.983
494 39.7369 -104.983
495 38.8591 -104.918
496 39.7402 -104.978
497 40.0081 -105.276
498 39.1149 -84.4376
499 39.2278 -84.3247
500 39.3276 -82.1023
501 39.1149 -84.4376
502 39.2929 -83.986
503 39.1149 -84.4376
504 38.2531 -85.6572
505 39.8072 -83.8875
506 41.0637 -80.056
507 39.1149 -84.4376
508 41.5715 -81.5704
509 39.1149 -84.4376
510 39.1149 -84.4376
511 39.1149 -84.4376
512 39.2278 -84.3247
513 39.1149 -84.4376
514 39.2278 -84.3247
515 39.2278 -84.3247
516 39.1149 -84.4376
517 39.2278 -84.3247
518 39.2278 -84.3247
519 39.3276 -82.1023
520 39.1149 -84.4376
521 39.2278 -84.3247
522 39.7789 -84.055
523 38.0541 -84.4863
524 39.1149 -84.4376
525 39.2278 -84.3247
526 39.1943 -84.4005
527 41.7196 -86.9058
528 39.1149 -84.4376
529 39.2278 -84.3247
530 37.9804 -87.5829
531 39.1677 -86.5341
532 39.1149 -84.4376
533 39.2278 -84.3247
534 39.3276 -82.1023
535 39.2278 -84.3247
536 39.1149 -84.4376
537 39.2278 -84.3247
538 39.9848 -83.0376
539 39.1149 -84.4376
540 39.2278 -84.3247
541 39.1149 -84.4376
542 41.5715 -81.5704
543 39.1149 -84.4376
544 39.7589 -84.1917
545 38.0199 -84.4667
546 38.2531 -85.6572
547 39.1149 -84.4376
548 40.4538 -80.0014
549 39.6576 -78.9285
550 40.2016 -77.1906
551 40.6679 -76.1884
552 39.1149 -84.4376
553 39.7789 -84.055
554 39.2278 -84.3247
555 39.1149 -84.4376
556 39.3 -81.9072
557 39.3 -81.9072
558 39.3 -81.9072
559 39.1149 -84.4376
560 39.1398 -84.5131
561 39.1945 -84.4008
562 39.1677 -86.5341
563 39.1149 -84.4376
564 40.2386 -85.3678
565 40.6281 -75.8532
566 39.1149 -84.4376
567 41.3191 -81.0358
568 39.1149 -84.4376
569 39.6297 -79.9582
570 39.6272 -79.9614
571 40.4693 -79.9616
572 41.0637 -80.056
573 40.1923 -85.3867
574 39.2771 -84.114
575 40.3373 -77.5006
576 39.1149 -84.4376
577 39.2278 -84.3247
578 39.1149 -84.4376
579 39.7589 -84.1917
580 38.0199 -84.4667
581 39.1397 -84.7084
582 39.1149 -84.4376
583 38.5776 -82.3963
584 38.5776 -82.3963
585 39.1149 -84.4376
586 39.1398 -84.5131
587 39.3276 -82.1023
588 39.1149 -84.4376
589 39.4872 -79.5326
590 39.4872 -79.5326
591 39.4872 -79.5326
592 39.1149 -84.4376
593 39.1007 -84.4322
594 39.1149 -84.4376
595 37.7439 -84.9843
596 38.4077 -78.7376
597 39.1398 -84.5131
598 39.3206 -86.9059
599 39.9383 -82.4084
600 39.9383 -82.4084
601 39.9383 -82.4084
602 39.9383 -82.4084
603 38.2458 -85.7323
604 39.8053 -86.1679
605 41.5715 -81.5704
606 38.4077 -78.7376
607 39.1398 -84.5131
608 39.9383 -82.4084
609 39.9383 -82.4084
610 39.9383 -82.4084
611 39.1149 -84.4376
612 37.7438 -84.9844
613 37.7438 -84.9844
614 41.2158 -87.9911
615 39.1149 -84.4376
616 39.7589 -84.1917
617 38.0412 -84.5123
618 39.1149 -84.4376
619 39.1149 -84.4376
620 39.5896 -84.7848
621 39.5896 -84.7848
622 39.1149 -84.4376
623 37.9804 -87.5829
624 38.2458 -85.7323
625 39.8053 -86.1679
626 39.1149 -84.4376
627 39.5551 -82.3882
628 39.5551 -82.3882
629 39.1149 -84.4376
630 39.6297 -79.9582
631 39.9848 -83.0376
632 38.3484 -81.6368
633 40.4693 -79.9616
634 39.1149 -84.4376
635 39.3276 -82.1022
636 39.1149 -84.4376
637 39.1007 -84.4322
638 38.0412 -84.5123
639 39.1149 -84.4376
640 39.1682 -86.5332
641 39.9848 -83.0376
642 41.5715 -81.5704
643 39.1149 -84.4376
644 35.138 -90.0158
645 39.1149 -84.4376
646 39.1149 -84.4376
647 39.7789 -84.055
648 39.2278 -84.3247
649 39.1149 -84.4376
650 39.083 -84.5098
651 39.1149 -84.4376
652 39.8053 -86.1679
653 39.1149 -84.4376
654 38.2512 -85.7238
655 39.7589 -84.1917
656 39.1149 -84.4376
657 39.1149 -84.4376
658 41.5039 -81.6537
659 35.1169 -89.9459
660 39.1149 -84.4376
661 38.3484 -81.6368
662 39.1149 -84.4376
663 39.3276 -82.1022
664 39.0935 -84.4961
665 39.1149 -84.4376
666 41.6591 -83.5275
667 38.2458 -85.7323
668 39.1149 -84.4376
669 39.1149 -84.4376
670 39.6297 -79.9582
671 39.3344 -82.9834
672 38.0412 -84.5123
673 37.9804 -87.5829
674 39.1149 -84.4376
675 41.5715 -81.5704
676 40.0146 -83.0003
677 40.4288 -79.9826
678 39.1149 -84.4376
679 39.1149 -84.4376
680 39.1678 -86.5334
681 41.9265 -87.6488
682 40.4833 -88.9945
683 37.7155 -97.2987
684 40.5883 -105.077
685 39.7368 -104.983
686 39.7368 -104.983
687 37.7155 -97.2987
688 35.1169 -89.9459
689 39.1149 -84.4376
690 41.1538 -81.3566
691 40.8647 -75.7419
692 39.1149 -84.4376
693 38.2508 -85.7221
694 39.1398 -84.5131
695 39.1149 -84.4376
696 38.4174 -82.4457
697 39.3 -81.9072
698 39.1149 -84.4376
699 39.1149 -84.4376
700 37.7439 -84.9843
701 39.1149 -84.4376
702 39.1149 -84.4376
703 41.6476 -83.5225
704 39.1149 -84.4376
705 39.1149 -84.4376
706 39.1398 -84.5131
707 39.1149 -84.4376
708 35.1169 -89.9459
709 39.1149 -84.4376
710 39.8053 -86.1679
711 38.0406 -84.4788
712 38.2459 -85.7333
713 39.9383 -82.4084
714 39.9383 -82.4084
715 39.1149 -84.4376
716 39.2708 -86.2494
717 39.2708 -86.2494
718 39.2708 -86.2494
719 39.2278 -84.3247
720 39.1623 -86.1503
721 41.3191 -81.0358
722 39.1149 -84.4376
723 39.1149 -84.4376
724 39.5374 -82.1459
725 37.7439 -84.9843
726 41.3191 -81.0358
727 41.3191 -81.0358
728 41.6476 -83.5225
729 39.1398 -84.5131
730 39.1149 -84.4376
731 39.3276 -82.1022
732 39.1149 -84.4376
733 39.2278 -84.3247
734 41.3191 -81.0358
735 39.1149 -84.4376
736 41.2411 -76.7242
737 40.3292 -78.9239
738 39.1149 -84.4376
739 38.2508 -85.7221
740 40.0659 -84.1591
741 39.1149 -84.4376
742 43.3129 -90.8475
743 43.3129 -90.8475
EOF
